10	20	0.00265	0.01228
20	30	0.00937	0.00570
30	40	0.02111	0.00437
40	50	0.00266	0.04202
50	60	0.02864	0.02698
60	70	0.02771	0.01074
70	80	0.03986	0.01076
80	100	0.01664	0.00515
100	120	0.02434	0.00344
120	135	0.03681	0.00338
135	150	0.04569	0.00424
150	160	0.05834	0.00516
160	185	0.06328	0.00715
185	210	0.07454	0.00631
210	230	0.05954	0.00880
230	250	0.10705	0.02097
250	270	0.16333	0.03473
270	300	0.09831	0.03979
300	330	0.23255	0.10666
330	350	0.10237	0.17663
350	370	0.56001	2.58632
370	390	2.15415	18.12678
390	420	0.20938	0.46282
420	500	1.00000	0.00000
