10	20	0.12060	0.05359
20	30	0.11860	0.00940
30	40	0.10358	0.00420
40	50	0.12016	0.00301
50	60	0.12899	0.00247
60	70	0.13914	0.00219
70	80	0.14797	0.00208
80	100	0.15874	0.00208
100	120	0.17223	0.00155
120	135	0.18756	0.00178
135	150	0.20275	0.00254
150	160	0.21265	0.00308
160	185	0.22164	0.00463
185	210	0.23680	0.00395
210	230	0.23225	0.00660
230	250	0.25465	0.01249
250	270	0.26009	0.01834
270	300	0.32930	0.03848
300	330	0.31372	0.06063
330	350	0.22487	0.12202
350	370	0.14401	0.75383
370	390	0.17122	0.35598
