10	20	0.00355	0.00615
20	30	0.00745	0.00860
30	40	0.01384	0.00965
40	50	0.00605	0.02123
50	60	0.01190	0.01254
60	70	0.00606	0.01788
70	80	0.02349	0.01236
80	100	0.00899	0.01240
100	120	0.01289	0.01821
120	135	0.00693	0.01426
135	150	0.03771	0.04607
150	160	0.04687	0.07831
160	185	0.00415	0.09136
185	210	0.01752	0.07283
210	230	0.03196	0.04447
230	250	0.00444	0.26610
250	270	0.12971	0.09253
270	300	0.05923	0.17083
300	330	0.19136	0.16108
330	350	0.03685	0.88805
350	370	0.27894	0.40774
370	390	0.44339	0.55593
