10	20	0.00310	0.00703
20	30	0.01055	0.01050
30	40	0.03442	0.01634
40	50	0.02247	0.01184
50	60	0.02712	0.02270
60	70	0.01102	0.02168
70	80	0.02310	0.01034
80	100	0.08642	0.14553
100	120	0.03345	0.00996
120	135	0.04671	0.00921
135	150	0.07507	0.01196
150	160	0.07876	0.01561
160	185	0.04643	0.02129
185	210	0.07969	0.01517
210	230	0.10979	0.03909
230	250	0.10822	0.05601
250	270	0.13560	0.04250
270	300	0.03971	0.07971
300	330	0.10041	0.11126
330	350	0.02732	0.12789
350	370	0.18942	0.64128
370	390	1.06387	2.87412
