10	20	0.37149	0.50976
20	30	0.12960	0.00905
30	40	0.12398	0.00418
40	50	0.13024	0.00299
50	60	0.14790	0.00253
60	70	0.15811	0.00227
70	80	0.17085	0.00219
80	100	0.18322	0.00220
100	120	0.20133	0.00166
120	135	0.22187	0.00192
135	150	0.24117	0.00275
150	160	0.24868	0.00331
160	185	0.26344	0.00505
185	210	0.28049	0.00427
210	230	0.31051	0.00719
230	250	0.32661	0.01368
250	270	0.29927	0.01956
270	300	0.36666	0.04075
300	330	0.32975	0.07316
330	350	0.25688	0.11850
350	370	0.23509	0.28753
370	390	0.22759	0.31323
