10	20	0.28359	0.00346
20	30	0.27019	0.00232
30	40	0.25377	0.00200
40	50	0.25122	0.00193
50	60	0.24935	0.00197
60	70	0.25287	0.00207
70	80	0.25310	0.00219
80	100	0.25407	0.00238
100	120	0.25876	0.00201
120	135	0.26522	0.00260
135	150	0.26300	0.00391
150	160	0.26754	0.00536
160	185	0.28554	0.00930
185	210	0.28445	0.00807
210	230	0.27920	0.01251
230	250	0.33382	0.03676
250	270	0.26927	0.04104
270	300	0.19273	0.04929
300	330	0.08504	0.23692
330	350	0.09222	0.16863
350	370	0.65178	0.46817
370	390	0.22979	1.77109
