10	20	0.26924	0.00329
20	30	0.25902	0.00231
30	40	0.24521	0.00201
40	50	0.24339	0.00193
50	60	0.23927	0.00198
60	70	0.24240	0.00207
70	80	0.24171	0.00219
80	100	0.24537	0.00238
100	120	0.24991	0.00201
120	135	0.25087	0.00258
135	150	0.25006	0.00387
150	160	0.25541	0.00527
160	185	0.27764	0.00921
185	210	0.27035	0.00794
210	230	0.25379	0.01206
230	250	0.29212	0.03435
250	270	0.23274	0.03827
270	300	0.18617	0.05055
300	330	0.12940	0.09343
330	350	0.31128	0.25163
350	370	0.21240	0.35084
370	390	0.60087	0.75964
